
 [['날짜', '시가', '고가', '저가', '종가', '거래량', '외국인소진율'],

	
		
["20250102", 2400.87, 2410.99, 2386.84, 2398.94, 350692, 0.0],
		
["20250103", 2402.58, 2454.67, 2402.58, 2441.92, 407536, 0.0],
		
["20250106", 2453.3, 2489.1, 2446.82, 2488.64, 302761, 0.0],
		
["20250107", 2513.49, 2521.86, 2492.09, 2492.1, 407693, 0.0],
		
["20250108", 2481.25, 2526.77, 2481.25, 2521.05, 362909, 0.0],
		
["20250109", 2526.1, 2535.87, 2515.82, 2521.9, 404290, 0.0],
		
["20250110", 2528.42, 2535.24, 2506.29, 2515.78, 377587, 0.0],
		
["20250113", 2508.15, 2513.93, 2483.73, 2489.56, 578565, 0.0],
		
["20250114", 2501.49, 2504.89, 2482.74, 2497.4, 414488, 0.0],
		
["20250115", 2511.07, 2524.36, 2493.1, 2496.81, 538534, 0.0],
		
["20250116", 2528.27, 2534.01, 2519.86, 2527.49, 451063, 0.0],
		
["20250117", 2520.85, 2528.48, 2513.84, 2523.55, 445885, 0.0],
		
["20250120", 2533.68, 2536.72, 2516.28, 2520.05, 437546, 0.0],
		
["20250121", 2533.23, 2548.44, 2507.95, 2518.03, 572011, 0.0],
		
["20250122", 2535.8, 2552.57, 2526.89, 2547.06, 583737, 0.0],
		
["20250123", 2541.24, 2541.6, 2515.49, 2515.49, 609742, 0.0],
		
["20250124", 2529.29, 2542.83, 2522.64, 2536.8, 602015, 0.0],
		
["20250131", 2534.33, 2537.98, 2496.95, 2517.37, 454403, 0.0],
		
["20250203", 2468.74, 2468.74, 2437.61, 2453.95, 522848, 0.0],
		
["20250204", 2481.44, 2508.35, 2471.63, 2481.69, 479377, 0.0],
		
["20250205", 2503.94, 2514.71, 2498.74, 2509.27, 437344, 0.0],
		
["20250206", 2521.82, 2536.75, 2515.34, 2536.75, 479697, 0.0],
		
["20250207", 2532.09, 2537.63, 2519.01, 2521.92, 419872, 0.0],
		
["20250210", 2510.64, 2527.33, 2499.18, 2521.27, 393564, 0.0],
		
["20250211", 2532.87, 2549.44, 2527.74, 2539.05, 451093, 0.0],
		
["20250212", 2534.71, 2549.58, 2528.74, 2548.39, 464894, 0.0],
		
["20250213", 2558.95, 2583.74, 2555.98, 2583.17, 680342, 0.0],
		
["20250214", 2588.2, 2600.57, 2582.84, 2591.05, 499365, 0.0],
		
["20250217", 2595.99, 2612.8, 2592.57, 2610.42, 366340, 0.0],
		
["20250218", 2613.25, 2628.47, 2605.15, 2626.81, 421993, 0.0],
		
["20250219", 2633.91, 2680.7, 2633.91, 2671.52, 525799, 0.0],
		
["20250220", 2661.72, 2667.59, 2645.53, 2654.06, 529303, 0.0],
		
["20250221", 2653.76, 2656.04, 2638.44, 2654.58, 444704, 0.0],
		
["20250224", 2636.12, 2645.27, 2626.88, 2645.27, 536354, 0.0],
		
["20250225", 2617.64, 2641.49, 2617.12, 2630.29, 410285, 0.0],
		
["20250226", 2629.86, 2648.06, 2620.16, 2641.09, 386763, 0.0],
		
["20250227", 2637.63, 2638.47, 2610.47, 2621.75, 513910, 0.0],
		
["20250228", 2585.61, 2586.78, 2531.24, 2532.78, 588572, 0.0],
		
["20250304", 2522.2, 2548.78, 2513.31, 2528.92, 484081, 0.0],
		
["20250305", 2548.45, 2561.47, 2535.18, 2558.13, 569412, 0.0],
		
["20250306", 2573.55, 2583.65, 2565.57, 2576.16, 609616, 0.0],
		
["20250307", 2553.44, 2575.48, 2541.49, 2563.48, 567191, 0.0],
		
["20250310", 2555.4, 2579.76, 2549.99, 2570.39, 435695, 0.0],
		
["20250311", 2516.69, 2547.88, 2505.91, 2537.6, 399016, 0.0],
		
["20250312", 2552.6, 2579.69, 2541.66, 2574.82, 401645, 0.0],
		
["20250313", 2598.06, 2600.07, 2561.02, 2573.64, 427292, 0.0],
		
["20250314", 2565.18, 2576.74, 2559.24, 2566.36, 362329, 0.0],
		
["20250317", 2588.32, 2610.69, 2587.52, 2610.69, 396574, 0.0],
		
["20250318", 2627.27, 2638.56, 2606.91, 2612.34, 555527, 0.0],
		
["20250319", 2613.48, 2642.83, 2613.48, 2628.62, 653327, 0.0],
		
["20250320", 2648.16, 2650.72, 2629.2, 2637.1, 455019, 0.0],
		
["20250321", 2633.9, 2645.82, 2617.78, 2643.13, 497529, 0.0],
		
["20250324", 2636.43, 2648.82, 2629.38, 2632.07, 372432, 0.0],
		
["20250325", 2653.04, 2654.63, 2612.74, 2615.81, 439279, 0.0],
		
["20250326", 2628.09, 2649.15, 2618.05, 2643.94, 507916, 0.0],
		
["20250327", 2620.28, 2633.03, 2603.41, 2607.15, 403314, 0.0],
		
["20250328", 2592.63, 2592.63, 2549.26, 2557.98, 513561, 0.0],
		
["20250331", 2513.44, 2514.22, 2479.46, 2481.12, 391593, 0.0],
		
["20250401", 2511.24, 2530.61, 2494.43, 2521.39, 453394, 0.0],
		
["20250402", 2525.62, 2532.15, 2499.83, 2505.86, 515600, 0.0],
		
["20250403", 2437.43, 2488.92, 2437.43, 2486.7, 480057, 0.0],
		
["20250404", 2450.49, 2506.71, 2438.02, 2465.42, 695075, 0.0],
		
["20250407", 2359.25, 2369.4, 2327.01, 2328.2, 619501, 0.0],
		
["20250408", 2381.2, 2381.31, 2328.94, 2334.23, 557018, 0.0],
		
["20250409", 2329.99, 2337.58, 2284.72, 2293.7, 699642, 0.0],
		
["20250410", 2395.13, 2445.06, 2391.39, 2445.06, 670388, 0.0],
		
["20250411", 2400.74, 2433.18, 2394.25, 2432.72, 369703, 0.0],
		
["20250414", 2454.28, 2465.56, 2449.48, 2455.89, 488618, 0.0],
		
["20250415", 2464.51, 2482.56, 2461.23, 2477.41, 560340, 0.0],
		
["20250416", 2472.78, 2475.83, 2442.72, 2447.43, 613174, 0.0],
		
["20250417", 2451.7, 2473.24, 2447.4, 2470.41, 601739, 0.0],
		
["20250418", 2473.3, 2486.37, 2466.9, 2483.42, 450985, 0.0],
		
["20250421", 2486.38, 2498.84, 2479.23, 2488.42, 428977, 0.0],
		
["20250422", 2481.18, 2494.59, 2476.14, 2486.64, 416680, 0.0],
		
["20250423", 2520.56, 2526.72, 2507.1, 2525.56, 538116, 0.0],
		
["20250424", 2525.34, 2530.61, 2507.21, 2522.33, 327935, 0.0],
		
["20250425", 2544.59, 2553.33, 2534.94, 2546.3, 403528, 0.0],
		
["20250428", 2551.23, 2558.69, 2541.97, 2548.86, 454102, 0.0],
		
["20250429", 2550.25, 2571.41, 2542.25, 2565.42, 547081, 0.0],
		
["20250430", 2561.04, 2570.83, 2544.46, 2556.61, 487489, 0.0],
		
["20250502", 2556.52, 2567.04, 2540.57, 2559.79, 585492, 0.0],
		
["20250507", 2577.04, 2581.85, 2559.17, 2573.8, 546755, 0.0],
		
["20250508", 2581.27, 2590.9, 2575.78, 2579.48, 471636, 0.0],
		
["20250509", 2587.93, 2589.58, 2571.2, 2577.27, 485550, 0.0],
		
["20250512", 2593.94, 2607.33, 2585.6, 2607.33, 409749, 0.0],
		
["20250513", 2601.76, 2620.64, 2601.58, 2608.42, 422460, 0.0],
		
["20250514", 2625.36, 2646.01, 2619.15, 2640.57, 390504, 0.0],
		
["20250515", 2634.5, 2643.83, 2618.08, 2621.36, 339579, 0.0],
		
["20250516", 2630.64, 2633.98, 2619.1, 2626.87, 359707, 0.0],
		
["20250519", 2613.7, 2619.43, 2593.44, 2603.42, 313296, 0.0],
		
["20250520", 2622.68, 2622.91, 2598.1, 2601.8, 456989, 0.0],
		
["20250521", 2615.9, 2633.41, 2614.73, 2625.58, 371527, 0.0],
		
["20250522", 2614.66, 2616.53, 2588.09, 2593.67, 358064, 0.0],
		
["20250523", 2603.57, 2604.14, 2589.51, 2592.09, 434024, 0.0],
		
["20250526", 2598.45, 2644.4, 2595.96, 2644.4, 380173, 0.0],
		
["20250527", 2630.29, 2642.63, 2625.66, 2637.22, 318286, 0.0],
		
["20250528", 2648.86, 2692.47, 2643.5, 2670.15, 405474, 0.0],
		
["20250529", 2691.06, 2720.64, 2686.64, 2720.64, 448341, 0.0],
		
["20250530", 2713.24, 2717.54, 2689.87, 2697.67, 525661, 0.0],
		
["20250602", 2692.91, 2719.87, 2685.14, 2698.97, 323604, 0.0],
		
["20250604", 2737.92, 2771.03, 2734.02, 2770.84, 489937, 0.0],
		
["20250605", 2790.33, 2831.11, 2787.76, 2812.05, 556013, 0.0],
		
["20250609", 2841.56, 2867.27, 2841.39, 2855.77, 537617, 0.0],
		
["20250610", 2872.62, 2885.67, 2849.67, 2871.85, 508185, 0.0],
		
["20250611", 2887.32, 2908.16, 2879.92, 2907.04, 393930, 0.0],
		
["20250612", 2909.99, 2934.31, 2909.99, 2920.03, 713706, 0.0],
		
["20250613", 2930.57, 2932.38, 2877.07, 2894.62, 931658, 0.0],
		
["20250616", 2903.5, 2947.07, 2886.13, 2946.66, 726352, 0.0],
		
["20250617", 2959.93, 2998.62, 2925.79, 2950.3, 939594, 0.0],
		
["20250618", 2933.63, 2979.32, 2933.63, 2972.19, 576548, 0.0],
		
["20250619", 2989.56, 2996.04, 2954.47, 2977.74, 433311, 0.0],
		
["20250620", 2986.52, 3022.06, 2972.37, 3021.84, 484865, 0.0],
		
["20250623", 2992.2, 3019.81, 2971.36, 3014.47, 625651, 0.0],
		
["20250624", 3061.14, 3105.04, 3061.14, 3103.64, 579201, 0.0],
		
["20250625", 3127.79, 3129.09, 3084.86, 3108.25, 644761, 0.0],
		
["20250626", 3108.34, 3113.03, 3036.55, 3079.56, 460612, 0.0],
		
["20250627", 3077.87, 3093.56, 3041.85, 3055.94, 381634, 0.0],
		
["20250630", 3072.75, 3086.0, 3063.42, 3071.7, 464163, 0.0],
		
["20250701", 3089.64, 3133.52, 3088.45, 3089.65, 576017, 0.0],
		
["20250702", 3083.82, 3090.61, 3032.47, 3075.06, 696798, 0.0],
		
["20250703", 3100.33, 3116.27, 3085.98, 3116.27, 539120, 0.0],
		
["20250704", 3122.28, 3123.84, 3052.91, 3054.28, 520763, 0.0],
		
["20250707", 3044.78, 3068.43, 3032.99, 3059.47, 359405, 0.0],
		
["20250708", 3071.74, 3115.86, 3066.03, 3114.95, 745793, 0.0],
		
["20250709", 3123.22, 3137.17, 3111.02, 3133.74, 642961, 0.0],
		
["20250710", 3144.14, 3183.23, 3133.81, 3183.23, 596572, 0.0],
		
["20250711", 3186.35, 3216.69, 3170.46, 3175.77, 465292, 0.0],
		
["20250714", 3175.59, 3202.06, 3170.72, 3202.03, 444036, 0.0],
		
["20250715", 3194.82, 3216.01, 3183.83, 3215.28, 419652, 0.0],
		
["20250716", 3207.48, 3209.2, 3178.42, 3186.38, 531499, 0.0],
		
["20250717", 3201.42, 3201.42, 3152.42, 3192.29, 424788, 0.0],
		
["20250718", 3200.44, 3204.75, 3169.69, 3188.07, 393449, 0.0],
		
["20250721", 3191.11, 3211.14, 3188.87, 3210.81, 343911, 0.0],
		
["20250722", 3210.12, 3220.27, 3155.25, 3169.94, 378486, 0.0],
		
["20250723", 3189.65, 3199.86, 3141.93, 3183.77, 664826, 0.0],
		
["20250724", 3209.43, 3237.97, 3183.05, 3190.45, 425500, 0.0],
		
["20250725", 3184.37, 3205.82, 3184.37, 3196.05, 389291, 0.0],
		
["20250728", 3228.61, 3228.61, 3180.18, 3209.52, 502720, 0.0],
		
["20250729", 3192.17, 3232.31, 3169.03, 3230.57, 373203, 0.0],
		
["20250730", 3233.31, 3269.4, 3227.28, 3254.47, 338074, 0.0],
		
["20250731", 3275.78, 3288.26, 3227.46, 3245.44, 540324, 0.0],
		
["20250801", 3210.32, 3210.32, 3117.92, 3119.41, 507776, 0.0],
		
["20250804", 3114.27, 3157.45, 3105.63, 3147.75, 293454, 0.0],
		
["20250805", 3187.15, 3212.31, 3174.23, 3198.0, 273440, 0.0],
		
["20250806", 3182.06, 3200.15, 3176.61, 3198.14, 327358, 0.0],
		
["20250807", 3214.81, 3227.68, 3200.28, 3227.68, 327048, 0.0],
		
["20250808", 3220.58, 3227.28, 3198.31, 3210.01, 341443, 0.0],
		
["20250811", 3220.72, 3223.23, 3199.9, 3206.77, 304968, 0.0],
		
["20250812", 3209.75, 3242.17, 3189.58, 3189.91, 373217, 0.0],
		
["20250813", 3225.4, 3226.37, 3192.17, 3224.37, 320070, 0.0],
		
["20250814", 3226.52, 3239.55, 3210.83, 3225.66, 441468, 0.0],
		
["20250818", 3202.63, 3206.77, 3177.28, 3177.28, 326133, 0.0],
		
["20250819", 3185.04, 3185.48, 3142.48, 3151.56, 285291, 0.0],
		
["20250820", 3121.52, 3132.83, 3079.27, 3130.09, 335285, 0.0],
		
["20250821", 3140.71, 3166.54, 3134.86, 3141.74, 276915, 0.0],
		
["20250822", 3165.41, 3181.95, 3159.45, 3168.73, 236797, 0.0],
		
["20250825", 3195.14, 3209.86, 3180.12, 3209.86, 220165, 0.0],
		
["20250826", 3199.92, 3199.92, 3175.31, 3179.36, 325353, 0.0],
		
["20250827", 3185.87, 3189.31, 3165.77, 3187.16, 281721, 0.0],
		
["20250828", 3175.33, 3211.34, 3164.08, 3196.32, 312188, 0.0],
		
["20250829", 3208.8, 3212.69, 3184.48, 3186.01, 245132, 0.0],
		
["20250901", 3164.58, 3177.4, 3135.02, 3142.93, 260138, 0.0],
		
["20250902", 3155.73, 3174.16, 3151.93, 3172.35, 310678, 0.0],
		
["20250903", 3177.75, 3187.48, 3167.23, 3184.42, 335816, 0.0],
		
["20250904", 3188.84, 3205.61, 3185.49, 3200.83, 286256, 0.0],
		
["20250905", 3208.83, 3214.64, 3196.19, 3205.12, 323845, 0.0],
		
["20250908", 3209.81, 3221.14, 3206.34, 3219.59, 372300, 0.0],
		
["20250909", 3231.31, 3260.05, 3221.98, 3260.05, 439946, 0.0],
		
["20250910", 3272.2, 3317.77, 3272.07, 3314.53, 564707, 0.0],
		
["20250911", 3336.6, 3344.7, 3311.86, 3344.2, 435589, 0.0],
		
["20250912", 3374.65, 3395.54, 3362.86, 3395.54, 448857, 0.0],
		
["20250915", 3407.78, 3420.23, 3391.33, 3407.31, 378854, 0.0],
		
["20250916", 3421.13, 3452.5, 3418.1, 3449.62, 406214, 0.0],
		
["20250917", 3433.83, 3433.83, 3406.75, 3413.4, 326610, 0.0],
		
["20250918", 3432.77, 3461.3, 3422.77, 3461.3, 391177, 0.0],
		
["20250919", 3461.23, 3467.89, 3434.61, 3445.24, 348845, 0.0],
		
["20250922", 3463.84, 3482.25, 3458.87, 3468.65, 287867, 0.0],
		
["20250923", 3489.46, 3494.49, 3467.83, 3486.19, 358335, 0.0],
		
["20250924", 3492.03, 3497.95, 3442.41, 3472.14, 287145, 0.0],
		
["20250925", 3458.98, 3479.42, 3454.08, 3471.11, 293075, 0.0],
		
["20250926", 3440.39, 3441.91, 3365.73, 3386.05, 399150, 0.0],
		
["20250929", 3414.43, 3439.12, 3413.33, 3431.21, 416480, 0.0],
		
["20250930", 3436.0, 3443.38, 3421.89, 3424.6, 526402, 0.0],
		
["20251001", 3444.06, 3459.74, 3440.42, 3455.83, 493641, 0.0],
		
["20251002", 3525.48, 3565.96, 3512.16, 3549.21, 402107, 0.0],
		
["20251010", 3598.11, 3617.86, 3569.44, 3610.6, 407411, 0.0],
		
["20251013", 3550.08, 3584.55, 3522.54, 3584.55, 408033, 0.0],
		
["20251014", 3604.12, 3646.77, 3535.52, 3561.81, 734085, 0.0],
		
["20251015", 3580.64, 3659.91, 3577.06, 3657.28, 543607, 0.0],
		
["20251016", 3675.82, 3748.37, 3675.82, 3748.37, 495791, 0.0],
		
["20251017", 3732.76, 3794.87, 3722.07, 3748.89, 420770, 0.0],
		
["20251020", 3775.4, 3814.69, 3728.38, 3814.69, 410147, 0.0],
		
["20251021", 3851.01, 3893.06, 3816.19, 3823.84, 526854, 0.0],
		
["20251022", 3827.23, 3883.68, 3794.52, 3883.68, 597216, 0.0],
		
["20251023", 3835.79, 3902.21, 3822.33, 3845.56, 423588, 0.0],
		
["20251024", 3893.23, 3951.07, 3886.64, 3941.59, 426897, 0.0],
		
["20251027", 3999.79, 4042.83, 3999.79, 4042.83, 516999, 0.0],
		
["20251028", 4010.47, 4018.22, 3972.56, 4010.41, 408225, 0.0],
		
["20251029", 4061.54, 4084.09, 4014.84, 4081.15, 466898, 0.0],
		
["20251030", 4105.95, 4146.72, 4070.79, 4086.89, 566538, 0.0],
		
["20251031", 4083.25, 4122.09, 4059.74, 4107.5, 408275, 0.0],
		
["20251103", 4123.36, 4221.92, 4123.36, 4221.87, 472676, 0.0],
		
["20251104", 4219.24, 4226.75, 4117.91, 4121.74, 423543, 0.0],
		
["20251105", 4055.47, 4055.47, 3867.81, 4004.42, 594163, 0.0],
		
["20251106", 4092.46, 4111.96, 3985.29, 4026.45, 423421, 0.0],
		
["20251107", 3963.72, 4037.61, 3887.32, 3953.76, 377050, 0.0],
		
["20251110", 3991.87, 4092.91, 3984.24, 4073.24, 339514, 0.0],
		
["20251111", 4124.3, 4187.46, 4066.58, 4106.39, 377554, 0.0],
		
["20251112", 4097.44, 4154.62, 4088.86, 4150.39, 334584, 0.0],
		
["20251113", 4127.57, 4188.54, 4123.84, 4170.63, 424189, 0.0],
		
["20251114", 4061.91, 4092.76, 4011.4, 4011.57, 399992, 0.0],
		
["20251117", 4078.57, 4089.88, 4045.4, 4089.25, 344097, 0.0],
		
["20251118", 4044.47, 4072.41, 3953.26, 3953.62, 319660, 0.0],
		
["20251119", 3966.64, 3966.64, 3854.95, 3929.51, 338242, 0.0],
		
["20251120", 4030.97, 4059.37, 4001.31, 4004.85, 360282, 0.0],
		
["20251121", 3908.7, 3911.55, 3838.46, 3853.26, 319324, 0.0],
		
["20251124", 3915.16, 3917.16, 3838.2, 3846.06, 373120, 0.0],
		
["20251125", 3942.36, 3946.61, 3833.35, 3857.78, 279294, 0.0],
		
["20251126", 3891.88, 3960.87, 3866.66, 3960.87, 295327, 0.0],
		
["20251127", 3989.45, 4023.42, 3968.43, 3986.91, 257855, 0.0],
		
["20251128", 3995.3, 3995.3, 3921.89, 3926.59, 241923, 0.0],
		
["20251201", 3967.92, 3977.31, 3892.08, 3920.37, 296915, 0.0],
		
["20251202", 3939.09, 3994.93, 3935.14, 3994.93, 319035, 0.0],
		
["20251203", 4010.26, 4052.83, 3987.76, 4036.3, 290896, 0.0],
		
["20251204", 4018.91, 4028.53, 3982.54, 4028.51, 352043, 0.0],
		
["20251205", 4023.5, 4100.05, 4003.29, 4100.05, 478513, 0.0],
		
["20251208", 4109.25, 4154.85, 4081.26, 4154.85, 395583, 0.0],
		
["20251209", 4129.77, 4152.18, 4121.21, 4143.55, 400643, 0.0],
		
["20251210", 4159.05, 4172.64, 4123.6, 4135.0, 317902, 0.0],
		
["20251211", 4163.32, 4170.77, 4103.2, 4110.62, 539843, 0.0],
		
["20251212", 4123.83, 4168.17, 4120.73, 4167.16, 426616, 0.0],
		
["20251215", 4053.74, 4123.19, 4052.65, 4090.59, 346845, 0.0],
		
["20251216", 4093.32, 4099.01, 3996.23, 3999.13, 373990, 0.0],
		
["20251217", 4019.43, 4060.24, 3994.65, 4056.41, 360956, 0.0],
		
["20251218", 3989.6, 4030.65, 3975.5, 3994.51, 581445, 0.0],
		
["20251219", 4055.78, 4055.78, 3997.05, 4020.55, 442664, 0.0],
		
["20251222", 4096.26, 4105.93, 4083.13, 4105.93, 315627, 0.0],
		
["20251223", 4127.4, 4140.84, 4110.25, 4117.32, 385848, 0.0],
		
["20251224", 4136.24, 4137.2, 4106.62, 4108.62, 363614, 0.0],
		
["20251226", 4130.37, 4143.14, 4116.53, 4129.68, 510162, 0.0],
		
["20251229", 4146.48, 4220.56, 4146.48, 4220.56, 502394, 0.0],
		
["20251230", 4193.75, 4226.36, 4186.95, 4214.17, 408198, 0.0]
		
	
	

]
