
## 차트
날짜 | 클릭수 | 노출 | CTR | 게재 순위
46262.0 | 0.0 | 0.0
46263.0 | 0.0 | 2.0 | 0.0 | 3.0
46264.0 | 0.0 | 12.0 | 0.0 | 8.2
46265.0 | 1.0 | 15.0 | 0.0667 | 8.7
46266.0 | 0.0 | 31.0 | 0.0 | 8.6
46267.0 | 0.0 | 33.0 | 0.0 | 8.8
46268.0 | 0.0 | 33.0 | 0.0 | 7.4
46269.0 | 0.0 | 32.0 | 0.0 | 8.4
46270.0 | 1.0 | 22.0 | 0.0455 | 8.3
46271.0 | 1.0 | 39.0 | 0.0256 | 11.1
46272.0 | 1.0 | 66.0 | 0.0152 | 9.0
46273.0 | 1.0 | 187.0 | 0.0053 | 7.6
46274.0 | 1.0 | 251.0 | 0.004 | 7.6
46275.0 | 0.0 | 258.0 | 0.0 | 7.3
46276.0 | 0.0 | 138.0 | 0.0 | 7.8
46277.0 | 0.0 | 104.0 | 0.0 | 7.5
46278.0 | 1.0 | 262.0 | 0.0038 | 7.5
46279.0 | 0.0 | 329.0 | 0.0 | 7.1
46280.0 | 8.0 | 901.0 | 0.0089 | 4.3
46281.0 | 2.0 | 434.0 | 0.0046 | 5.7
46282.0 | 4.0 | 366.0 | 0.0109 | 5.2
46283.0 | 4.0 | 202.0 | 0.0198 | 4.4
46284.0 | 3.0 | 93.0 | 0.0323 | 4.5

## 검색어 수
인기 검색어 | 클릭수 | 노출 | CTR | 게재 순위
추석 주식휴장 | 1.0 | 19.0 | 0.0526 | 2.79
완전자본잠식 | 1.0 | 10.0 | 0.1 | 10.3
9월 28일 임시공휴일 | 1.0 | 1.0 | 1.0 | 7.0
완전자본잠식 뜻 | 0.0 | 12.0 | 0.0 | 11.67
정적vi 시간 | 0.0 | 7.0 | 0.0 | 8.29
정적 vi 시간 | 0.0 | 5.0 | 0.0 | 9.6
완전 자본잠식 뜻 | 0.0 | 4.0 | 0.0 | 11.75
주식 거래정지 사유 | 0.0 | 3.0 | 0.0 | 7.33
9월 휴장 | 0.0 | 2.0 | 0.0 | 1.0
거래정지 이유 | 0.0 | 2.0 | 0.0 | 6.0
정리매매기간 | 0.0 | 2.0 | 0.0 | 9.0
주식 거래정지 기간 | 0.0 | 2.0 | 0.0 | 9.0
단기과열지정예고 | 0.0 | 2.0 | 0.0 | 9.5
정리매매 기간 | 0.0 | 2.0 | 0.0 | 10.5
완전 자본잠식 | 0.0 | 2.0 | 0.0 | 13.0
내일이요 | 0.0 | 1.0 | 0.0 | 1.0
애프터마켓 가격 반영 | 0.0 | 1.0 | 0.0 | 1.0
애프터마켓 정규장 반영 | 0.0 | 1.0 | 0.0 | 1.0
국장 휴장 | 0.0 | 1.0 | 0.0 | 2.0
네 | 0.0 | 1.0 | 0.0 | 2.0
46293.0 | 0.0 | 1.0 | 0.0 | 4.0
거래정지 사유 | 0.0 | 1.0 | 0.0 | 4.0
거래정지 주식 | 0.0 | 1.0 | 0.0 | 5.0
키움증권 | 0.0 | 1.0 | 0.0 | 6.0
&quot;2026&quot; &quot;9월 24일&quot; &quot;휴장&quot; | 0.0 | 1.0 | 0.0 | 7.0
동적 vi 시간 | 0.0 | 1.0 | 0.0 | 7.0
반기말 뜻 | 0.0 | 1.0 | 0.0 | 8.0
국외주식 양도소득세 기본공제 250만원 2001년 | 0.0 | 1.0 | 0.0 | 10.0
완전 자본 잠식 | 0.0 | 1.0 | 0.0 | 10.0
vi발동 시간 | 0.0 | 1.0 | 0.0 | 11.0
주식 vi 시간 | 0.0 | 1.0 | 0.0 | 24.0
거래정지 종목 | 0.0 | 1.0 | 0.0 | 26.0
거래 정지 종목 | 0.0 | 1.0 | 0.0 | 27.0
단기과열지정 | 0.0 | 1.0 | 0.0 | 27.0
단기과열종목 | 0.0 | 1.0 | 0.0 | 36.0
주식 거래정지 되면 어떻게 되나요 | 0.0 | 1.0 | 0.0 | 45.0
주식 거래정지되면 어떻게 되나요 | 0.0 | 1.0 | 0.0 | 48.0
근로장려금 정기 반기 차이 | 0.0 | 1.0 | 0.0 | 53.0
해외주식 양도소득세 250만원 | 0.0 | 1.0 | 0.0 | 55.0
매매거래정지 | 0.0 | 1.0 | 0.0 | 67.0

## 페이지
인기 페이지 | 클릭수 | 노출 | CTR | 게재 순위
https://moneyproducer.co.kr/22 | 14.0 | 1184.0 | 0.0118 | 3.34
https://moneyproducer.co.kr/2 | 3.0 | 1302.0 | 0.0023 | 7.51
https://moneyproducer.co.kr/21 | 2.0 | 257.0 | 0.0078 | 5.83
https://moneyproducer.co.kr/10 | 2.0 | 108.0 | 0.0185 | 8.59
https://moneyproducer.co.kr/14 | 2.0 | 83.0 | 0.0241 | 9.11
https://moneyproducer.co.kr/15 | 2.0 | 30.0 | 0.0667 | 5.67
https://moneyproducer.co.kr/12 | 1.0 | 540.0 | 0.0019 | 7.91
https://moneyproducer.co.kr/6 | 1.0 | 142.0 | 0.007 | 5.91
https://moneyproducer.co.kr/5 | 1.0 | 22.0 | 0.0455 | 4.18
https://moneyproducer.co.kr/11 | 0.0 | 106.0 | 0.0 | 7.77
https://moneyproducer.co.kr/7 | 0.0 | 38.0 | 0.0 | 6.37
https://moneyproducer.co.kr/16 | 0.0 | 21.0 | 0.0 | 7.67
https://moneyproducer.co.kr/13 | 0.0 | 18.0 | 0.0 | 7.44
https://moneyproducer.co.kr/9 | 0.0 | 14.0 | 0.0 | 6.29
https://moneyproducer.co.kr/19 | 0.0 | 14.0 | 0.0 | 20.93
https://moneyproducer.co.kr/ | 0.0 | 8.0 | 0.0 | 4.88
https://moneyproducer.co.kr/8 | 0.0 | 8.0 | 0.0 | 9.88
https://moneyproducer.co.kr/category/주식 제도 | 0.0 | 6.0 | 0.0 | 14.33
https://moneyproducer.co.kr/17 | 0.0 | 5.0 | 0.0 | 12.0
https://moneyproducer.co.kr/18 | 0.0 | 4.0 | 0.0 | 11.0
https://moneyproducer.co.kr/pages/개인정보처리방침 | 0.0 | 4.0 | 0.0 | 19.5
https://moneyproducer.co.kr/pages/머니프로듀서를-소개합니다 | 0.0 | 4.0 | 0.0 | 20.5
https://moneyproducer.co.kr/category/공시 읽기 | 0.0 | 4.0 | 0.0 | 21.5
https://moneyproducer.co.kr/tag/관리종목 | 0.0 | 3.0 | 0.0 | 2.67
https://moneyproducer.co.kr/24 | 0.0 | 3.0 | 0.0 | 14.33
https://moneyproducer.co.kr/tag/상장폐지 | 0.0 | 3.0 | 0.0 | 19.0
https://moneyproducer.co.kr/25 | 0.0 | 2.0 | 0.0 | 21.0
https://moneyproducer.co.kr/20 | 0.0 | 2.0 | 0.0 | 22.0
https://moneyproducer.co.kr/?page=3 | 0.0 | 2.0 | 0.0 | 25.0
https://moneyproducer.co.kr/category/환률. 매크로 | 0.0 | 2.0 | 0.0 | 29.0
https://moneyproducer.co.kr/23 | 0.0 | 1.0 | 0.0 | 8.0

## 국가
국가 | 클릭수 | 노출 | CTR | 게재 순위
한국 | 27.0 | 3282.0 | 0.0082 | 6.1
영국 | 1.0 | 2.0 | 0.5 | 4.0
미국 | 0.0 | 398.0 | 0.0 | 6.59
홍콩 | 0.0 | 36.0 | 0.0 | 6.78
일본 | 0.0 | 16.0 | 0.0 | 4.31
브라질 | 0.0 | 9.0 | 0.0 | 7.89
리투아니아 | 0.0 | 8.0 | 0.0 | 5.62
인도 | 0.0 | 7.0 | 0.0 | 6.57
인도네시아 | 0.0 | 6.0 | 0.0 | 3.33
대만 | 0.0 | 6.0 | 0.0 | 8.0
아랍에미리트 연합 | 0.0 | 5.0 | 0.0 | 7.8
네덜란드 | 0.0 | 5.0 | 0.0 | 7.8
베트남 | 0.0 | 4.0 | 0.0 | 4.5
캐나다 | 0.0 | 4.0 | 0.0 | 6.75
필리핀 | 0.0 | 3.0 | 0.0 | 4.33
멕시코 | 0.0 | 3.0 | 0.0 | 8.0
말레이시아 | 0.0 | 2.0 | 0.0 | 4.0
중국 | 0.0 | 2.0 | 0.0 | 8.0
페루 | 0.0 | 1.0 | 0.0 | 2.0
이집트 | 0.0 | 1.0 | 0.0 | 3.0
러시아 | 0.0 | 1.0 | 0.0 | 3.0
방글라데시 | 0.0 | 1.0 | 0.0 | 4.0
오스트리아 | 0.0 | 1.0 | 0.0 | 6.0
가나 | 0.0 | 1.0 | 0.0 | 7.0
싱가포르 | 0.0 | 1.0 | 0.0 | 7.0
체코 | 0.0 | 1.0 | 0.0 | 9.0
이탈리아 | 0.0 | 1.0 | 0.0 | 9.0
아르헨티나 | 0.0 | 1.0 | 0.0 | 11.0
베네주엘라 | 0.0 | 1.0 | 0.0 | 11.0
칠레 | 0.0 | 1.0 | 0.0 | 26.0

## 기기
기기 | 클릭수 | 노출 | CTR | 게재 순위
모바일 | 14.0 | 594.0 | 0.0236 | 4.56
데스크톱 | 13.0 | 3185.0 | 0.0041 | 6.49
태블릿 | 1.0 | 31.0 | 0.0323 | 3.26

## 검색 노출
검색 노출 | 클릭수 | 노출 | CTR | 게재 순위

## 필터
필터 | 값
검색 유형 | 웹
날짜 | 지난 28일